1379307780 1379313300 1379336460 1379348940 1379358840 1379363760 1379346540
1379394240 1379399760 1379422800 1379435280 1379445120 1379450040 1379433000
1379480700 1379486220 1379509200 1379521560 1379531460 1379536320 1379519460
1379567160 1379572680 1379595600 1379607900 1379617740 1379622600 1379605920
1379653620 1379659140 1379681940 1379694240 1379704020 1379708880 1379692380
1379740080 1379745600 1379768340 1379780580 1379790300 1379795220 1379778840
1379826540 1379832060 1379854740 1379866920 1379876640 1379881500 1379865300
1379913060 1379918520 1379941080 1379953260 1379962920 1379967780 1379951760
1379999520 1380004980 1380027480 1380039600 1380049200 1380054060 1380038220
1380085980 1380091440 1380113820 1380125880 1380135540 1380140340 1380124680
1380172440 1380177900 1380200220 1380212220 1380221820 1380226680 1380211140
1380258900 1380264360 1380286620 1380298560 1380308100 1380312960 1380297600
1380345360 1380350820 1380372960 1380384900 1380394440 1380399240 1380384060
1380431820 1380437280 1380459360 1380471240 1380480720 1380485520 1380470520
1380518280 1380523740 1380545760 1380557580 1380567000 1380571860 1380556980
1380604740 1380610200 1380632100 1380643860 1380653340 1380658140 1380643440
1380691200 1380696660 1380718500 1380730200 1380739620 1380744420 1380729900
1380777660 1380783120 1380804900 1380816540 1380825960 1380830760 1380816360
1380864120 1380869580 1380891300 1380902880 1380912240 1380917040 1380902820
1380950580 1380956040 1380977640 1380989220 1380998520 1381003320 1380989280
1381037040 1381042500 1381064040 1381075560 1381084860 1381089660 1381075740
1381123500 1381128960 1381150440 1381161840 1381171140 1381175940 1381162200
1381209960 1381215420 1381236780 1381248180 1381257420 1381262280 1381248660
1381296420 1381301880 1381323180 1381334520 1381343760 1381348560 1381335120
1381382940 1381388340 1381409580 1381420860 1381430040 1381434840 1381421580
1381469400 1381474800 1381495980 1381507200 1381516380 1381521180 1381508040
1381555860 1381561260 1381582320 1381593480 1381602660 1381607460 1381594500
1381642320 1381647720 1381668720 1381679820 1381689000 1381693800 1381680960
1381728780 1381734180 1381755120 1381766160 1381775280 1381780080 1381767420
1381815240 1381820640 1381841520 1381852500 1381861620 1381866420 1381853880
